0: 579 156 65 39 379 725 907 
1: 437 217 619 919 
2: 433 560 967 384 
3: 100 538 647 
4: 580 283 818 180 
5: 652 636 638 527 802 309 733 
6: 917 340 770 
7: 673 357 586 232 455 469 
8: 464 991 858 273 410 414 
9: 243 228 212 702 
10: 572 981 100 
11: 114 475 407 212 813 
12: 112 161 956 465 446 194 
13: 436 691 
14: 534 841 
15: 612 557 175 515 495 908 
16: 529 381 
17: 321 551 98 889 
18: 97 512 
19: 257 803 369 617 112 
20: 636 692 799 544 
21: 585 63 542 534 316 131 470 190 
22: 824 
23: 122 
24: 863 988 72 419 172 35 
25: 328 708 42 276 
26: 792 262 988 887 559 283 
27: 43 698 689 
28: 479 646 
29: 738 790 570 54 
30: 64 579 976 327 394 
31: 963 351 287 
32: 284 228 871 595 398 
33: 157 591 539 862 
34: 548 172 110 963 416 
35: 894 141 888 201 796 248 24 
36: 251 227 
37: 277 
38: 124 960 834 551 
39: 76 617 0 
40: 790 703 946 98 874 
41: 661 847 686 
42: 121 25 576 
43: 27 194 72 629 599 403 688 810 
44: 250 517 
45: 686 645 
46: 291 631 461 254 384 
47: 949 265 977 415 369 
48: 632 746 841 
49: 116 
50: 127 186 956 860 
51: 440 726 578 184 
52: 637 699 92 
53: 180 684 174 408 
54: 863 571 801 140 29 
55: 435 466 975 583 
56: 718 274 998 763 497 255 
57: 583 571 327 148 774 434 742 160 493 612 
58: 204 182 382 
59: 849 702 315 
60: 549 653 91 
61: 632 306 
62: 609 258 858 953 
63: 381 21 619 
64: 30 758 848 
65: 346 303 870 0 235 349 
66: 337 317 
67: 294 932 
68: 958 348 651 
69: 799 
70: 245 
71: 198 766 517 357 
72: 24 725 43 485 
73: 644 962 835 549 270 
74: 793 85 108 565 
75: 133 866 296 942 183 
76: 39 613 523 419 864 
77: 960 
78: 671 753 354 
79: 180 662 142 
80: 648 100 
81: 147 133 
82: 397 207 964 
83: 567 740 486 106 623 426 
84: 822 609 502 
85: 427 116 302 74 597 538 699 106 
86: 386 
87: 714 718 172 121 158 
88: 716 815 
89: 143 988 628 835 384 304 684 
90: 302 279 273 892 406 
91: 664 239 60 
92: 931 762 460 348 423 52 
93: 510 318 250 971 954 
94: 214 536 126 464 
95: 660 903 788 664 
96: 649 442 240 512 
97: 429 350 368 289 18 963 461 170 675 591 
98: 617 634 17 825 40 
99: 922 956 796 
100: 3 477 895 630 80 344 343 983 10 
101: 
102: 927 724 
103: 572 275 
104: 596 186 825 839 229 
105: 651 419 801 
106: 701 499 549 83 85 
107: 499 797 
108: 74 749 991 
109: 405 722 946 191 
110: 34 722 491 111 590 
111: 758 691 110 
112: 489 12 936 19 525 574 745 
113: 157 561 507 136 
114: 11 199 377 811 464 
115: 279 759 538 159 380 977 685 589 910 
116: 85 700 49 644 660 
117: 812 
118: 168 744 
119: 440 254 237 
120: 148 165 400 428 
121: 42 891 87 938 931 384 608 
122: 709 884 23 408 744 305 226 190 
123: 718 907 749 897 929 439 346 
124: 38 695 479 
125: 508 898 570 386 
126: 355 165 94 624 
127: 289 50 685 303 
128: 241 479 928 789 909 291 
129: 199 472 
130: 440 398 742 467 
131: 337 443 721 21 
132: 368 521 541 524 953 
133: 75 81 210 620 
134: 358 850 831 202 601 
135: 961 256 
136: 849 234 113 
137: 432 484 414 275 271 
138: 293 609 583 244 952 911 
139: 232 218 860 843 
140: 707 168 54 
141: 35 594 565 614 957 454 151 
142: 240 79 
143: 580 89 724 587 381 663 
144: 796 199 
145: 382 948 404 
146: 532 193 553 
147: 81 541 801 279 
148: 120 57 961 416 
149: 433 
150: 657 830 647 202 
151: 596 502 141 
152: 886 451 862 477 
153: 377 922 371 640 
154: 585 
155: 917 877 
156: 0 566 
157: 113 565 33 482 
158: 461 387 441 87 
159: 817 115 989 767 994 346 
160: 903 57 
161: 12 258 385 
162: 676 668 854 
163: 442 699 476 707 757 
164: 653 851 444 
165: 694 126 475 120 472 195 262 
166: 724 785 302 
167: 368 962 524 
168: 990 118 140 
169: 332 366 252 
170: 515 201 97 467 684 
171: 471 797 816 804 354 
172: 409 573 24 34 619 87 855 
173: 227 861 
174: 974 270 53 333 
175: 15 540 362 617 722 
176: 561 826 905 
177: 449 670 210 
178: 641 187 400 
179: 825 447 747 527 
180: 79 53 697 322 4 
181: 898 340 
182: 751 970 969 58 879 714 
183: 846 659 870 75 
184: 592 522 216 51 
185: 274 796 858 889 879 
186: 579 50 104 874 739 
187: 603 917 178 884 280 786 610 
188: 336 327 
189: 938 825 804 
190: 536 531 21 751 902 122 288 435 
191: 957 743 936 109 
192: 737 
193: 267 146 730 
194: 528 43 203 499 12 207 
195: 944 781 376 644 786 165 
196: 253 
197: 904 
198: 978 650 71 534 
199: 114 144 129 
200: 739 
201: 170 933 477 510 418 35 673 519 
202: 977 648 452 956 134 784 150 
203: 194 876 773 562 545 625 526 
204: 508 657 218 58 381 804 
205: 618 472 967 
206: 
207: 336 859 82 194 
208: 856 551 585 
209: 244 
210: 949 330 133 852 177 
211: 272 425 742 
212: 312 505 11 9 
213: 675 663 340 
214: 94 225 228 789 
215: 873 604 351 746 
216: 371 372 736 632 184 646 
217: 1 834 308 633 
218: 204 346 613 139 960 498 409 
219: 428 374 
220: 311 861 900 855 
221: 609 407 
222: 791 825 547 882 260 
223: 
224: 730 677 813 
225: 214 288 868 701 
226: 488 773 951 122 
227: 749 906 555 36 634 278 173 
228: 32 9 214 590 
229: 635 805 104 
230: 973 765 874 279 742 
231: 292 412 348 352 447 254 
232: 648 409 7 139 874 
233: 287 315 
234: 419 136 762 305 
235: 939 749 571 658 65 951 
236: 516 997 505 
237: 520 119 
238: 914 
239: 764 91 945 913 530 879 
240: 987 552 434 142 96 397 
241: 128 587 785 989 750 367 361 
242: 537 
243: 687 9 867 537 
244: 209 138 846 
245: 701 70 828 
246: 923 562 962 254 786 
247: 630 
248: 290 35 
249: 958 886 560 
250: 44 746 843 93 395 992 
251: 871 36 366 811 409 381 
252: 511 320 169 803 
253: 528 381 196 484 
254: 631 944 46 246 119 821 231 
255: 56 
256: 449 680 963 852 135 457 969 
257: 19 506 293 266 855 442 
258: 62 161 384 655 
259: 305 
260: 722 544 701 222 
261: 592 474 725 804 360 684 
262: 635 26 442 358 165 
263: 323 829 523 
264: 276 844 892 370 
265: 47 973 303 730 
266: 372 954 257 725 
267: 815 511 193 945 499 
268: 321 732 
269: 935 347 352 829 
270: 501 463 174 676 73 
271: 331 950 137 605 328 
272: 864 387 211 446 
273: 90 632 8 981 
274: 185 347 56 878 307 319 
275: 506 137 508 103 
276: 608 264 842 25 
277: 453 681 744 37 
278: 799 501 773 227 640 
279: 115 90 444 812 230 147 
280: 187 742 570 
281: 552 637 303 314 
282: 625 675 381 813 
283: 771 718 4 26 
284: 32 989 594 437 317 459 
285: 332 653 411 317 335 
286: 695 578 
287: 233 941 998 343 31 
288: 297 225 628 190 
289: 127 623 632 975 651 97 548 
290: 248 
291: 314 923 46 358 810 803 128 
292: 449 231 505 309 843 537 
293: 138 796 773 914 257 661 
294: 67 709 865 
295: 416 
296: 965 75 642 581 404 
297: 908 288 
298: 634 657 806 695 
299: 409 719 428 782 
300: 990 584 745 880 
301: 680 867 
302: 90 85 771 166 
303: 65 754 265 673 512 127 281 
304: 993 377 89 405 
305: 122 851 234 259 
306: 61 
307: 920 458 274 928 
308: 912 217 
309: 513 984 530 5 583 292 488 
310: 
311: 865 220 852 
312: 212 955 
313: 485 503 549 
314: 291 859 391 370 673 281 516 
315: 784 233 946 785 814 59 
316: 402 965 21 951 513 
317: 66 284 285 
318: 93 
319: 687 703 924 274 
320: 252 659 
321: 17 654 268 
322: 516 180 800 781 713 827 714 
323: 735 263 875 339 429 499 
324: 411 497 933 618 980 
325: 539 
326: 417 757 918 484 864 872 
327: 493 57 30 188 671 
328: 25 356 271 
329: 447 
330: 919 210 628 985 604 
331: 684 917 271 480 446 
332: 285 169 721 502 
333: 174 
334: 624 
335: 837 443 285 794 918 
336: 356 878 207 420 684 188 
337: 131 66 421 
338: 756 417 604 
339: 588 819 835 323 534 
340: 585 6 213 181 
341: 831 623 705 560 752 
342: 905 784 597 643 
343: 682 553 287 892 100 
344: 881 698 100 667 722 
345: 567 468 547 
346: 369 65 218 873 790 123 159 
347: 274 269 665 
348: 976 68 231 388 92 
349: 491 65 760 
350: 714 950 840 97 841 792 
351: 827 31 215 
352: 269 679 455 231 980 
353: 737 732 
354: 171 78 
355: 126 675 750 547 442 
356: 336 328 
357: 7 71 
358: 134 291 262 
359: 876 
360: 261 638 642 
361: 836 241 
362: 175 884 854 643 477 
363: 523 853 963 535 622 
364: 864 371 706 
365: 
366: 410 169 892 251 
367: 473 919 723 241 
368: 132 606 376 563 167 484 97 538 782 401 799 691 
369: 346 532 19 537 47 
370: 972 627 705 314 435 264 
371: 216 364 857 493 153 
372: 266 216 890 
373: 662 629 648 
374: 832 642 721 219 922 
375: 522 997 
376: 715 368 195 706 547 981 
377: 153 910 114 381 304 796 
378: 900 520 
379: 898 0 
380: 536 974 596 965 115 966 
381: 63 282 204 253 16 377 143 251 
382: 776 145 58 
383: 600 839 
384: 690 565 46 258 89 2 606 121 
385: 917 830 675 161 
386: 86 830 545 414 125 770 
387: 453 272 158 659 388 814 
388: 791 348 387 
389: 784 414 
390: 613 578 
391: 314 599 567 912 
392: 917 
393: 913 526 620 
394: 746 30 785 
395: 250 
396: 796 578 
397: 82 625 594 775 240 
398: 130 433 660 32 
399: 926 
400: 511 120 178 428 
401: 623 698 798 368 876 
402: 316 418 587 
403: 436 43 
404: 815 774 486 145 296 
405: 109 471 304 778 887 
406: 866 890 750 90 
407: 482 960 11 221 417 
408: 745 660 937 122 53 
409: 232 172 812 896 299 251 218 
410: 366 898 952 846 830 8 
411: 826 285 324 578 432 525 
412: 442 231 802 
413: 566 
414: 680 603 891 731 137 386 389 8 
415: 899 47 
416: 528 668 808 495 631 731 809 148 34 295 
417: 326 826 932 407 445 338 565 
418: 402 468 201 968 
419: 913 105 24 76 234 874 
420: 499 483 336 651 
421: 973 337 505 879 
422: 961 629 881 
423: 873 92 
424: 940 677 
425: 763 211 
426: 83 
427: 85 945 632 
428: 219 488 535 299 400 120 
429: 97 323 696 440 
430: 693 840 654 789 883 
431: 479 
432: 939 137 964 692 411 721 
433: 149 2 840 398 
434: 240 57 445 835 
435: 55 855 459 801 190 370 
436: 823 610 688 975 13 403 745 
437: 1 284 
438: 710 980 
439: 765 869 752 123 
440: 714 130 119 51 624 609 429 954 952 
441: 607 158 476 
442: 412 163 262 749 96 916 355 995 257 
443: 335 131 595 785 730 
444: 279 949 164 
445: 754 746 574 903 434 594 417 818 
446: 938 876 733 331 12 272 
447: 329 558 966 179 231 508 
448: 691 
449: 177 256 292 707 594 661 
450: 660 767 920 863 983 
451: 781 757 152 
452: 561 628 202 
453: 387 277 742 587 
454: 141 474 491 
455: 686 352 7 
456: 
457: 464 899 256 938 
458: 307 
459: 435 692 487 588 284 
460: 865 479 92 702 504 
461: 158 46 926 97 920 
462: 834 470 
463: 788 270 702 
464: 575 692 457 469 582 8 114 94 
465: 12 
466: 55 705 675 736 746 818 
467: 659 625 791 170 130 
468: 760 418 345 
469: 464 921 7 
470: 949 21 462 
471: 171 405 583 
472: 205 538 165 750 129 
473: 367 986 
474: 261 493 454 532 701 
475: 11 165 914 498 750 793 666 
476: 799 163 441 690 
477: 100 201 758 152 362 
478: 778 844 
479: 431 128 124 460 28 
480: 331 781 730 
481: 585 683 882 646 
482: 407 157 
483: 769 420 868 
484: 253 368 137 326 991 
485: 313 613 941 72 
486: 697 656 83 404 959 589 
487: 582 459 788 
488: 779 226 428 309 
489: 112 847 560 
490: 594 649 757 856 
491: 819 997 349 683 110 454 
492: 856 889 568 703 
493: 327 508 670 474 371 57 
494: 972 869 
495: 416 15 
496: 634 912 594 
497: 324 56 
498: 864 976 931 475 935 218 
499: 420 267 923 106 194 107 323 
500: 799 713 836 
501: 270 278 527 
502: 151 332 658 689 84 
503: 617 313 713 542 
504: 847 460 
505: 564 236 292 212 421 
506: 257 794 961 275 854 984 
507: 940 113 560 
508: 204 956 125 493 681 275 447 
509: 
510: 939 93 902 201 674 952 
511: 872 267 585 252 400 894 
512: 898 884 680 18 303 96 
513: 309 548 316 
514: 900 883 624 738 
515: 170 15 768 
516: 236 322 959 314 
517: 911 71 639 999 44 910 917 
518: 603 
519: 567 904 557 859 745 201 935 
520: 237 785 532 378 
521: 132 950 
522: 903 184 536 375 
523: 363 76 865 696 923 263 
524: 713 681 728 734 132 167 
525: 920 630 411 112 
526: 903 600 393 203 653 
527: 832 5 501 179 
528: 416 253 194 972 934 864 
529: 662 16 865 692 764 
530: 309 239 
531: 593 190 
532: 867 146 369 865 520 474 597 
533: 
534: 928 21 339 198 14 942 
535: 993 803 363 428 
536: 380 190 94 522 556 753 633 
537: 242 369 292 243 
538: 657 587 472 910 115 3 85 368 809 859 
539: 590 666 670 33 325 
540: 945 599 175 714 
541: 768 147 132 666 971 658 
542: 687 21 918 986 560 503 
543: 932 572 
544: 864 818 614 260 558 20 702 
545: 386 203 835 
546: 990 770 667 
547: 875 355 376 345 222 810 
548: 34 513 640 764 289 836 669 
549: 60 313 106 73 
550: 625 
551: 950 17 772 854 208 38 973 
552: 281 240 
553: 927 343 146 941 820 
554: 
555: 227 
556: 737 536 832 
557: 889 15 784 519 
558: 447 544 
559: 910 579 26 657 
560: 2 507 489 249 542 990 932 341 
561: 606 176 452 113 654 
562: 688 246 615 893 203 
563: 368 
564: 505 577 599 
565: 384 141 157 957 74 417 
566: 156 413 870 595 
567: 83 345 519 391 810 585 
568: 492 986 
569: 810 
570: 705 29 125 280 
571: 788 235 985 57 54 
572: 10 103 651 772 543 
573: 172 875 577 
574: 929 445 802 112 
575: 464 974 757 632 752 
576: 42 
577: 781 769 564 573 
578: 286 704 396 51 411 390 
579: 0 186 30 559 866 635 
580: 143 669 4 
581: 936 296 
582: 487 464 611 
583: 57 138 55 471 875 309 937 
584: 300 
585: 481 21 340 154 511 208 630 567 
586: 7 637 
587: 241 538 143 453 402 
588: 339 459 
589: 806 115 486 
590: 539 958 639 651 110 228 
591: 33 97 
592: 261 184 784 683 
593: 531 910 
594: 141 978 284 449 490 445 496 397 
595: 987 843 693 443 760 32 566 
596: 104 632 151 380 
597: 85 342 532 
598: 868 
599: 540 694 43 850 391 730 800 564 
600: 885 928 674 886 526 383 
601: 739 134 
602: 
603: 518 414 187 
604: 215 875 330 338 
605: 843 271 
606: 561 368 384 
607: 441 924 
608: 276 615 121 
609: 62 138 221 84 440 
610: 436 187 
611: 617 955 763 836 841 686 992 914 582 953 
612: 15 961 57 
613: 76 485 218 390 
614: 544 141 660 
615: 562 608 947 
616: 770 
617: 98 611 39 503 19 175 749 801 
618: 205 858 886 324 
619: 172 1 63 
620: 803 636 393 133 885 
621: 691 
622: 363 906 626 
623: 289 401 341 83 
624: 334 514 440 756 126 
625: 282 550 467 966 397 776 203 655 
626: 930 768 685 840 622 
627: 370 
628: 89 452 330 288 
629: 422 43 373 820 
630: 247 525 100 585 
631: 254 46 416 993 694 
632: 61 596 48 289 575 273 216 427 
633: 993 952 217 536 
634: 298 98 496 748 227 794 827 
635: 229 262 974 579 
636: 5 20 620 672 
637: 52 281 586 
638: 5 360 
639: 590 872 517 
640: 741 548 278 153 
641: 178 996 754 
642: 374 679 296 360 962 
643: 785 342 362 
644: 73 195 116 
645: 873 45 
646: 216 481 28 
647: 824 3 150 
648: 80 232 202 919 373 715 
649: 96 490 
650: 198 
651: 105 572 289 590 709 68 420 
652: 5 812 791 
653: 164 285 60 722 526 
654: 430 321 561 
655: 258 826 625 659 
656: 486 
657: 538 204 150 957 953 298 897 559 
658: 235 502 787 872 774 541 
659: 467 183 711 320 387 824 655 
660: 450 408 614 95 737 398 980 675 756 116 
661: 998 41 449 734 790 724 293 
662: 373 529 770 79 
663: 213 143 
664: 91 95 
665: 797 721 347 
666: 769 539 894 541 475 
667: 837 546 344 
668: 416 837 162 
669: 580 670 548 
670: 669 539 493 177 910 
671: 78 327 941 
672: 852 916 636 
673: 7 314 303 201 
674: 860 600 510 
675: 213 850 355 282 466 385 97 660 
676: 162 850 821 701 270 
677: 811 424 808 224 
678: 
679: 352 950 642 
680: 414 256 877 698 512 301 
681: 277 508 524 
682: 343 695 943 
683: 481 491 592 
684: 331 336 53 261 89 170 
685: 127 831 115 626 
686: 455 611 45 41 
687: 542 243 319 829 
688: 562 436 43 739 
689: 27 502 
690: 384 476 
691: 448 13 111 878 368 621 
692: 464 459 20 529 946 432 979 
693: 430 595 
694: 165 599 862 631 
695: 286 124 682 817 298 923 
696: 523 429 
697: 486 180 987 
698: 859 344 27 680 709 401 923 
699: 933 52 163 85 
700: 116 916 
701: 245 106 225 260 676 474 
702: 463 59 734 460 544 9 
703: 814 40 492 319 770 952 874 
704: 578 862 
705: 570 466 370 341 
706: 860 376 364 
707: 140 449 870 163 
708: 25 762 745 
709: 122 698 294 651 
710: 438 957 745 
711: 862 912 659 
712: 856 
713: 814 500 524 958 322 962 503 
714: 350 440 87 939 540 182 322 
715: 376 648 884 
716: 88 
717: 
718: 123 283 56 87 916 
719: 993 733 299 
720: 
721: 332 131 374 665 432 
722: 109 260 110 175 653 344 
723: 367 
724: 166 143 102 661 
725: 72 261 266 0 
726: 51 
727: 
728: 524 
729: 894 777 
730: 980 884 224 265 443 599 480 193 
731: 414 416 937 857 764 
732: 944 968 353 268 
733: 757 446 719 879 5 
734: 661 702 524 
735: 323 
736: 466 216 
737: 556 751 192 995 660 353 
738: 29 845 514 
739: 601 200 795 186 688 
740: 83 804 
741: 640 
742: 453 130 57 280 211 230 
743: 944 867 191 917 
744: 277 122 118 
745: 408 998 710 436 519 958 708 300 112 
746: 250 394 445 48 466 848 215 
747: 179 
748: 634 
749: 227 235 123 108 442 827 617 873 
750: 856 801 355 241 475 472 406 
751: 737 182 190 994 812 
752: 439 923 575 341 
753: 804 811 78 915 536 
754: 445 303 641 
755: 
756: 338 624 660 
757: 733 575 326 490 451 163 
758: 111 64 994 477 869 
759: 115 885 
760: 468 836 595 349 
761: 971 961 
762: 708 92 823 234 
763: 881 611 56 425 902 
764: 765 864 239 529 548 731 
765: 439 230 764 827 825 
766: 913 71 782 
767: 450 159 797 
768: 541 920 626 929 515 
769: 483 666 970 577 
770: 546 616 662 6 977 918 703 386 
771: 283 302 
772: 551 572 
773: 293 226 203 278 
774: 781 404 57 658 
775: 905 397 
776: 803 382 781 980 625 952 
777: 904 729 978 959 
778: 478 865 405 
779: 488 813 
780: 
781: 195 774 451 776 480 322 577 
782: 825 766 368 299 
783: 826 
784: 389 342 315 592 202 557 
785: 643 241 166 443 520 394 315 
786: 195 187 246 
787: 658 
788: 962 463 571 487 95 
789: 214 128 430 831 
790: 40 29 661 346 
791: 222 388 652 467 983 
792: 26 948 350 846 
793: 74 910 475 801 
794: 992 506 960 634 335 
795: 839 739 
796: 144 293 185 396 874 990 35 377 970 99 
797: 171 846 767 107 665 
798: 401 
799: 476 500 278 927 69 20 368 
800: 322 599 
801: 435 750 54 105 147 617 793 
802: 574 5 412 
803: 776 912 942 620 19 535 252 291 
804: 753 261 171 189 204 740 
805: 229 
806: 589 298 
807: 
808: 416 677 
809: 901 538 416 
810: 569 291 567 43 547 
811: 753 677 114 251 
812: 117 652 409 279 751 
813: 779 950 282 11 224 
814: 713 869 703 862 387 315 
815: 267 404 88 
816: 941 915 171 
817: 159 695 
818: 544 869 4 466 445 
819: 491 339 
820: 629 553 
821: 676 254 987 
822: 84 
823: 436 762 
824: 22 647 884 914 659 
825: 782 765 189 179 104 222 98 
826: 411 827 176 417 783 655 
827: 826 765 351 749 634 322 
828: 245 
829: 263 269 687 
830: 386 150 385 410 
831: 341 134 685 789 929 
832: 918 374 527 556 838 959 
833: 906 
834: 912 217 462 38 
835: 89 339 73 434 545 
836: 611 760 361 864 500 548 
837: 335 873 668 667 884 
838: 832 893 
839: 795 104 383 
840: 350 433 430 626 
841: 989 611 350 48 14 
842: 276 
843: 595 250 605 986 292 139 
844: 264 478 
845: 901 925 738 846 
846: 183 797 959 845 244 410 792 
847: 996 504 489 41 
848: 64 746 931 
849: 59 136 
850: 134 675 676 599 987 922 
851: 896 164 305 
852: 672 311 256 210 
853: 363 
854: 551 506 362 162 949 
855: 435 942 172 944 220 257 
856: 750 712 492 208 490 
857: 371 731 996 
858: 981 618 62 185 8 942 
859: 698 314 207 519 538 
860: 674 706 979 139 878 50 
861: 220 173 
862: 906 711 152 814 704 694 33 
863: 24 54 450 
864: 544 498 272 764 975 364 76 836 528 326 947 
865: 311 523 460 778 529 532 294 
866: 75 406 881 579 
867: 532 743 243 301 
868: 225 483 598 
869: 439 814 818 758 494 
870: 65 707 183 566 
871: 251 32 
872: 511 639 658 326 
873: 215 837 423 645 346 749 920 
874: 796 230 419 186 40 703 232 
875: 547 323 604 573 583 907 
876: 446 359 900 203 401 
877: 680 155 905 945 
878: 336 274 691 860 
879: 185 733 182 929 421 239 
880: 300 
881: 344 763 422 866 
882: 481 222 
883: 514 987 430 924 
884: 824 730 122 362 187 512 837 917 715 
885: 600 759 620 
886: 152 600 249 618 
887: 26 971 405 
888: 35 
889: 557 492 185 17 
890: 960 372 406 
891: 414 121 
892: 366 264 343 90 
893: 562 838 
894: 35 511 729 666 
895: 924 100 
896: 926 851 409 
897: 123 657 
898: 379 181 512 410 125 
899: 415 457 
900: 514 876 220 378 
901: 845 809 
902: 974 510 190 763 
903: 522 160 445 526 95 
904: 519 197 777 
905: 342 176 877 775 953 
906: 862 833 227 622 
907: 123 875 0 
908: 969 297 15 
909: 128 
910: 559 538 377 593 793 670 517 115 
911: 517 138 
912: 834 803 711 496 985 391 308 926 
913: 419 963 766 393 239 
914: 475 293 824 611 238 
915: 816 753 
916: 672 442 700 718 
917: 385 187 6 743 155 331 392 884 517 
918: 832 542 326 770 335 
919: 330 367 979 648 939 1 
920: 768 307 450 525 461 873 
921: 469 
922: 99 153 981 995 850 374 
923: 246 291 499 523 752 695 698 
924: 895 607 319 883 
925: 845 
926: 896 399 461 912 
927: 553 799 102 
928: 534 600 128 307 
929: 574 123 879 768 831 
930: 626 
931: 92 498 848 121 
932: 67 417 543 560 
933: 699 201 324 
934: 528 
935: 269 498 519 
936: 581 112 191 
937: 408 731 583 
938: 189 446 121 457 
939: 510 235 432 714 919 
940: 507 424 
941: 816 287 485 553 671 
942: 803 855 75 534 858 
943: 682 
944: 195 743 732 254 855 
945: 540 267 427 239 877 
946: 109 692 40 315 
947: 615 864 
948: 792 145 996 
949: 47 470 210 444 854 
950: 350 551 974 271 521 679 813 
951: 316 226 235 
952: 633 410 510 138 776 703 440 
953: 62 657 611 905 132 
954: 980 266 440 93 
955: 611 312 
956: 12 508 202 99 50 
957: 191 141 565 710 657 
958: 590 68 249 713 745 
959: 516 846 486 777 832 
960: 407 794 890 38 218 77 
961: 422 506 135 148 761 612 
962: 788 73 246 713 167 642 
963: 31 913 256 97 363 34 
964: 432 82 971 
965: 296 316 380 
966: 625 447 380 
967: 2 205 
968: 732 418 
969: 908 182 256 
970: 769 182 796 
971: 761 93 887 541 964 
972: 370 528 985 494 
973: 421 230 265 551 
974: 902 380 575 950 635 174 
975: 55 436 864 289 
976: 348 30 498 
977: 47 202 770 115 
978: 198 594 777 
979: 919 860 692 
980: 730 954 776 660 352 438 324 
981: 858 10 922 997 376 273 
982: 
983: 450 791 100 
984: 309 506 
985: 571 972 912 330 
986: 843 542 568 473 
987: 595 240 850 697 883 821 
988: 24 89 26 
989: 284 241 841 159 
990: 546 168 796 300 560 
991: 8 484 108 
992: 794 611 250 
993: 633 535 719 304 631 
994: 758 159 751 
995: 737 922 442 
996: 847 641 857 948 
997: 236 491 981 375 
998: 661 745 287 56 
999: 517 
