100 200
0 40
0 92
1 44
1 16
1 20
1 31
1 27
2 28
2 82
2 13
2 80
3 44
3 46
4 69
4 20
4 35
5 32
5 59
5 54
5 74
5 26
5 72
6 26
6 47
6 35
6 25
6 86
7 98
7 50
7 95
7 55
8 50
8 85
8 97
8 91
8 56
9 58
9 27
9 79
9 84
9 67
9 64
9 10
9 26
10 64
10 65
10 85
10 75
11 25
11 14
11 47
11 92
12 43
12 73
12 27
13 44
13 86
13 58
13 55
13 32
14 51
14 17
14 22
14 40
15 99
15 70
15 42
16 53
16 58
16 30
17 36
17 31
17 49
17 21
17 98
18 97
18 21
18 84
19 55
19 97
19 60
19 68
19 67
20 55
20 99
21 24
22 38
22 46
22 24
23 71
24 39
24 84
25 62
25 37
25 56
26 39
27 47
28 90
29 41
29 81
30 51
31 86
31 68
31 57
31 62
32 62
32 74
32 46
32 72
33 83
33 63
33 46
34 58
34 87
34 71
34 83
35 59
35 58
35 39
35 41
35 61
36 48
36 60
37 42
37 59
38 98
38 46
38 76
39 54
39 62
39 98
40 57
41 90
42 45
42 44
42 84
43 87
43 97
43 65
43 92
43 56
44 59
44 78
45 84
46 77
48 67
49 54
49 94
50 78
50 93
51 95
52 73
52 61
52 81
52 79
53 96
54 97
54 87
55 60
55 72
56 98
57 61
59 69
61 74
61 90
61 96
61 94
62 95
63 66
63 95
65 86
65 81
66 79
66 95
67 71
67 72
69 79
69 91
69 74
70 91
70 89
70 99
71 81
71 97
72 73
73 83
74 93
78 81
78 97
78 88
81 90
81 97
81 91
81 87
82 98
86 92
86 94
87 96
88 95
98 99